    unsorted:	 0.0005734608830 99.38672859 45.82089664 962.0670222 1422.768022 138628.4524
      sorted:	 0.0005734608830 45.82089664 99.38672859 962.0670222 1422.768022 138628.4524
