    unsorted:	 3.127569779 94.19584324 173.8550726 0.0006548024888 3893.334470
      sorted:	 0.0006548024888 3.127569779 94.19584324 173.8550726 3893.334470
